cam 100 0
sp Resourses/Levels/jew.jpg
p 0 32
p 32 32
p 64 32
p 96 32
p 96 0
p 0 64
p 32 64
p 64 64
p 96 64
p 128 32
p 128 0
p 128 64
sp Resourses/Levels/jew.jpg
p 96 0
p 0 64
p 32 64
p 64 64
p 96 64
p 128 32
p 128 0
p 128 64
sp Resourses/Levels/zelda.png
grid 32 32 32 0
sheet Resourses/SpriteSheet/spritesheet3.png
t 0 0 0 255 255 255 32 32
t 0 1 0 255 255 255 32 32
t 0 2 0 255 255 255 128 64
t 0 3 0 255 255 255 32 32
t 0 4 0 255 255 255 32 32
t 0 5 0 255 255 255 32 32
t 0 6 0 255 255 255 32 32
t 0 7 0 255 255 255 32 32
t 0 8 0 255 255 255 32 32
t 0 9 0 255 255 255 32 32
t 0 10 0 255 255 255 32 32
t 0 11 0 255 255 255 0 0
t 0 12 0 255 255 255 0 0
t 0 13 0 255 255 255 0 0
t 0 14 0 255 255 255 0 0
t 0 15 0 255 255 255 0 0
t 0 16 0 255 255 255 0 0
t 0 17 0 255 255 255 0 0
t 0 18 0 255 255 255 0 0
t 0 19 0 255 255 255 0 0
t 0 20 0 255 255 255 0 0
t 0 21 0 255 255 255 0 0
t 0 22 0 255 255 255 0 0
t 0 23 0 255 255 255 0 0
t 0 24 0 255 255 255 0 0
t 0 25 0 255 255 255 0 0
t 0 26 0 255 255 255 0 0
t 0 27 0 255 255 255 0 0
t 0 28 0 255 255 255 0 0
t 0 29 0 255 255 255 0 0
t 0 30 0 255 255 255 0 0
t 0 31 0 255 255 255 0 0
t 1 0 0 255 255 255 32 32
t 1 1 0 255 255 255 32 32
t 1 2 0 255 255 255 32 32
t 1 3 0 255 255 255 32 32
t 1 4 0 255 255 255 32 32
t 1 5 0 255 255 255 32 32
t 1 6 0 255 255 255 32 32
t 1 7 0 255 255 255 32 32
t 1 8 0 255 255 255 32 32
t 1 9 0 255 255 255 32 32
t 1 10 0 255 255 255 0 0
t 1 11 0 255 255 255 0 0
t 1 12 0 255 255 255 0 0
t 1 13 0 255 255 255 0 0
t 1 14 0 255 255 255 0 0
t 1 15 0 255 255 255 0 0
t 1 16 0 255 255 255 0 0
t 1 17 0 255 255 255 0 0
t 1 18 0 255 255 255 0 0
t 1 19 0 255 255 255 0 0
t 1 20 0 255 255 255 0 0
t 1 21 0 255 255 255 0 0
t 1 22 0 255 255 255 0 0
t 1 23 0 255 255 255 0 0
t 1 24 0 255 255 255 0 0
t 1 25 0 255 255 255 0 0
t 1 26 0 255 255 255 0 0
t 1 27 0 255 255 255 0 0
t 1 28 0 255 255 255 0 0
t 1 29 0 255 255 255 0 0
t 1 30 0 255 255 255 0 0
t 1 31 0 255 255 255 0 0
t 2 0 0 255 255 255 32 32
t 2 1 0 255 255 255 0 0
t 2 2 0 255 255 255 32 32
t 2 3 0 255 255 255 0 0
t 2 4 0 255 255 255 0 0
t 2 5 0 255 255 255 0 0
t 2 6 0 255 255 255 0 0
t 2 7 0 255 255 255 0 0
t 2 8 0 255 255 255 0 0
t 2 9 0 255 255 255 0 0
t 2 10 0 255 255 255 128 64
t 2 11 0 255 255 255 128 64
t 2 12 0 255 255 255 128 64
t 2 13 0 255 255 255 0 0
t 2 14 0 255 255 255 0 0
t 2 15 0 255 255 255 0 0
t 2 16 0 255 255 255 0 0
t 2 17 0 255 255 255 0 0
t 2 18 0 255 255 255 0 0
t 2 19 0 255 255 255 0 0
t 2 20 0 255 255 255 0 0
t 2 21 0 255 255 255 0 0
t 2 22 0 255 255 255 0 0
t 2 23 0 255 255 255 0 0
t 2 24 0 255 255 255 0 0
t 2 25 0 255 255 255 0 0
t 2 26 0 255 255 255 0 0
t 2 27 0 255 255 255 0 0
t 2 28 0 255 255 255 0 0
t 2 29 0 255 255 255 0 0
t 2 30 0 255 255 255 0 0
t 2 31 0 255 255 255 0 0
t 3 0 0 255 255 255 32 32
t 3 1 0 255 255 255 32 32
t 3 2 0 255 255 255 32 32
t 3 3 0 255 255 255 0 0
t 3 4 0 255 255 255 0 0
t 3 5 0 255 255 255 0 0
t 3 6 0 255 255 255 128 64
t 3 7 0 255 255 255 128 64
t 3 8 0 255 255 255 128 64
t 3 9 0 255 255 255 0 0
t 3 10 0 255 255 255 0 0
t 3 11 0 255 255 255 0 0
t 3 12 0 255 255 255 128 64
t 3 13 0 255 255 255 0 0
t 3 14 0 255 255 255 0 0
t 3 15 0 255 255 255 0 0
t 3 16 0 255 255 255 0 0
t 3 17 0 255 255 255 0 0
t 3 18 0 255 255 255 0 0
t 3 19 0 255 255 255 0 0
t 3 20 0 255 255 255 0 0
t 3 21 0 255 255 255 0 0
t 3 22 0 255 255 255 0 0
t 3 23 0 255 255 255 0 0
t 3 24 0 255 255 255 0 0
t 3 25 0 255 255 255 0 0
t 3 26 0 255 255 255 0 0
t 3 27 0 255 255 255 0 0
t 3 28 0 255 255 255 0 0
t 3 29 0 255 255 255 0 0
t 3 30 0 255 255 255 0 0
t 3 31 0 255 255 255 0 0
t 4 0 0 255 255 255 0 0
t 4 1 0 255 255 255 32 32
t 4 2 0 255 255 255 32 32
t 4 3 0 255 255 255 0 0
t 4 4 0 255 255 255 128 64
t 4 5 0 255 255 255 128 64
t 4 6 0 255 255 255 0 0
t 4 7 0 255 255 255 128 64
t 4 8 0 255 255 255 0 0
t 4 9 0 255 255 255 128 64
t 4 10 0 255 255 255 0 0
t 4 11 0 255 255 255 128 64
t 4 12 0 255 255 255 128 64
t 4 13 0 255 255 255 128 64
t 4 14 0 255 255 255 0 0
t 4 15 0 255 255 255 0 0
t 4 16 0 255 255 255 0 0
t 4 17 0 255 255 255 0 0
t 4 18 0 255 255 255 0 0
t 4 19 0 255 255 255 0 0
t 4 20 0 255 255 255 0 0
t 4 21 0 255 255 255 0 0
t 4 22 0 255 255 255 0 0
t 4 23 0 255 255 255 0 0
t 4 24 0 255 255 255 0 0
t 4 25 0 255 255 255 0 0
t 4 26 0 255 255 255 0 0
t 4 27 0 255 255 255 0 0
t 4 28 0 255 255 255 0 0
t 4 29 0 255 255 255 0 0
t 4 30 0 255 255 255 0 0
t 4 31 0 255 255 255 0 0
t 5 0 0 255 255 255 0 0
t 5 1 0 255 255 255 32 32
t 5 2 0 255 255 255 32 32
t 5 3 0 255 255 255 0 0
t 5 4 0 255 255 255 128 64
t 5 5 0 255 255 255 128 64
t 5 6 0 255 255 255 32 32
t 5 7 0 255 255 255 128 64
t 5 8 0 255 255 255 0 0
t 5 9 0 255 255 255 128 64
t 5 10 0 255 255 255 0 0
t 5 11 0 255 255 255 128 64
t 5 12 0 255 255 255 0 0
t 5 13 0 255 255 255 128 64
t 5 14 0 255 255 255 128 64
t 5 15 0 255 255 255 0 0
t 5 16 0 255 255 255 0 0
t 5 17 0 255 255 255 0 0
t 5 18 0 255 255 255 0 0
t 5 19 0 255 255 255 0 0
t 5 20 0 255 255 255 0 0
t 5 21 0 255 255 255 0 0
t 5 22 0 255 255 255 0 0
t 5 23 0 255 255 255 0 0
t 5 24 0 255 255 255 0 0
t 5 25 0 255 255 255 0 0
t 5 26 0 255 255 255 0 0
t 5 27 0 255 255 255 0 0
t 5 28 0 255 255 255 0 0
t 5 29 0 255 255 255 0 0
t 5 30 0 255 255 255 0 0
t 5 31 0 255 255 255 0 0
t 6 0 0 255 255 255 0 0
t 6 1 0 255 255 255 32 32
t 6 2 0 255 255 255 32 32
t 6 3 0 255 255 255 32 32
t 6 4 0 255 255 255 128 64
t 6 5 0 255 255 255 32 32
t 6 6 0 255 255 255 128 64
t 6 7 0 255 255 255 128 64
t 6 8 0 255 255 255 128 64
t 6 9 0 255 255 255 128 64
t 6 10 0 255 255 255 128 64
t 6 11 0 255 255 255 128 64
t 6 12 0 255 255 255 128 64
t 6 13 0 255 255 255 128 64
t 6 14 0 255 255 255 128 64
t 6 15 0 255 255 255 128 64
t 6 16 0 255 255 255 0 0
t 6 17 0 255 255 255 0 0
t 6 18 0 255 255 255 0 0
t 6 19 0 255 255 255 0 0
t 6 20 0 255 255 255 0 0
t 6 21 0 255 255 255 0 0
t 6 22 0 255 255 255 0 0
t 6 23 0 255 255 255 0 0
t 6 24 0 255 255 255 0 0
t 6 25 0 255 255 255 0 0
t 6 26 0 255 255 255 0 0
t 6 27 0 255 255 255 0 0
t 6 28 0 255 255 255 0 0
t 6 29 0 255 255 255 0 0
t 6 30 0 255 255 255 0 0
t 6 31 0 255 255 255 0 0
t 7 0 0 255 255 255 0 0
t 7 1 0 255 255 255 32 32
t 7 2 0 255 255 255 0 0
t 7 3 0 255 255 255 32 32
t 7 4 0 255 255 255 32 32
t 7 5 0 255 255 255 32 32
t 7 6 0 255 255 255 128 64
t 7 7 0 255 255 255 128 64
t 7 8 0 255 255 255 0 0
t 7 9 0 255 255 255 32 32
t 7 10 0 255 255 255 128 64
t 7 11 0 255 255 255 128 64
t 7 12 0 255 255 255 128 64
t 7 13 0 255 255 255 128 64
t 7 14 0 255 255 255 0 0
t 7 15 0 255 255 255 0 0
t 7 16 0 255 255 255 128 64
t 7 17 0 255 255 255 0 0
t 7 18 0 255 255 255 0 0
t 7 19 0 255 255 255 0 0
t 7 20 0 255 255 255 0 0
t 7 21 0 255 255 255 0 0
t 7 22 0 255 255 255 0 0
t 7 23 0 255 255 255 0 0
t 7 24 0 255 255 255 0 0
t 7 25 0 255 255 255 0 0
t 7 26 0 255 255 255 0 0
t 7 27 0 255 255 255 0 0
t 7 28 0 255 255 255 0 0
t 7 29 0 255 255 255 0 0
t 7 30 0 255 255 255 0 0
t 7 31 0 255 255 255 0 0
t 8 0 0 255 255 255 0 0
t 8 1 0 255 255 255 32 32
t 8 2 0 255 255 255 0 0
t 8 3 0 255 255 255 128 64
t 8 4 0 255 255 255 128 64
t 8 5 0 255 255 255 128 64
t 8 6 0 255 255 255 128 64
t 8 7 0 255 255 255 0 0
t 8 8 0 255 255 255 128 64
t 8 9 0 255 255 255 128 64
t 8 10 0 255 255 255 128 64
t 8 11 0 255 255 255 128 64
t 8 12 0 255 255 255 128 64
t 8 13 0 255 255 255 0 0
t 8 14 0 255 255 255 0 0
t 8 15 0 255 255 255 0 0
t 8 16 0 255 255 255 0 0
t 8 17 0 255 255 255 128 64
t 8 18 0 255 255 255 0 0
t 8 19 0 255 255 255 0 0
t 8 20 0 255 255 255 0 0
t 8 21 0 255 255 255 0 0
t 8 22 0 255 255 255 0 0
t 8 23 0 255 255 255 0 0
t 8 24 0 255 255 255 0 0
t 8 25 0 255 255 255 0 0
t 8 26 0 255 255 255 0 0
t 8 27 0 255 255 255 0 0
t 8 28 0 255 255 255 0 0
t 8 29 0 255 255 255 0 0
t 8 30 0 255 255 255 0 0
t 8 31 0 255 255 255 0 0
t 9 0 0 255 255 255 0 0
t 9 1 0 255 255 255 0 0
t 9 2 0 255 255 255 0 0
t 9 3 0 255 255 255 128 64
t 9 4 0 255 255 255 128 64
t 9 5 0 255 255 255 128 64
t 9 6 0 255 255 255 128 64
t 9 7 0 255 255 255 128 64
t 9 8 0 255 255 255 0 0
t 9 9 0 255 255 255 32 32
t 9 10 0 255 255 255 128 64
t 9 11 0 255 255 255 0 0
t 9 12 0 255 255 255 128 64
t 9 13 0 255 255 255 0 0
t 9 14 0 255 255 255 0 0
t 9 15 0 255 255 255 0 0
t 9 16 0 255 255 255 0 0
t 9 17 0 255 255 255 0 0
t 9 18 0 255 255 255 0 0
t 9 19 0 255 255 255 0 0
t 9 20 0 255 255 255 0 0
t 9 21 0 255 255 255 0 0
t 9 22 0 255 255 255 0 0
t 9 23 0 255 255 255 0 0
t 9 24 0 255 255 255 0 0
t 9 25 0 255 255 255 0 0
t 9 26 0 255 255 255 0 0
t 9 27 0 255 255 255 0 0
t 9 28 0 255 255 255 0 0
t 9 29 0 255 255 255 0 0
t 9 30 0 255 255 255 0 0
t 9 31 0 255 255 255 0 0
t 10 0 0 255 255 255 0 0
t 10 1 0 255 255 255 0 0
t 10 2 0 255 255 255 128 64
t 10 3 0 255 255 255 32 32
t 10 4 0 255 255 255 128 64
t 10 5 0 255 255 255 128 64
t 10 6 0 255 255 255 128 64
t 10 7 0 255 255 255 0 0
t 10 8 0 255 255 255 0 0
t 10 9 0 255 255 255 128 64
t 10 10 0 255 255 255 128 64
t 10 11 0 255 255 255 128 64
t 10 12 0 255 255 255 0 0
t 10 13 0 255 255 255 0 0
t 10 14 0 255 255 255 0 0
t 10 15 0 255 255 255 0 0
t 10 16 0 255 255 255 0 0
t 10 17 0 255 255 255 128 64
t 10 18 0 255 255 255 0 0
t 10 19 0 255 255 255 0 0
t 10 20 0 255 255 255 0 0
t 10 21 0 255 255 255 0 0
t 10 22 0 255 255 255 0 0
t 10 23 0 255 255 255 0 0
t 10 24 0 255 255 255 0 0
t 10 25 0 255 255 255 0 0
t 10 26 0 255 255 255 0 0
t 10 27 0 255 255 255 0 0
t 10 28 0 255 255 255 0 0
t 10 29 0 255 255 255 0 0
t 10 30 0 255 255 255 0 0
t 10 31 0 255 255 255 0 0
t 11 0 0 255 255 255 0 0
t 11 1 0 255 255 255 0 0
t 11 2 0 255 255 255 128 64
t 11 3 0 255 255 255 32 32
t 11 4 0 255 255 255 128 64
t 11 5 0 255 255 255 128 64
t 11 6 0 255 255 255 128 64
t 11 7 0 255 255 255 32 32
t 11 8 0 255 255 255 128 64
t 11 9 0 255 255 255 32 32
t 11 10 0 255 255 255 128 64
t 11 11 0 255 255 255 128 64
t 11 12 0 255 255 255 128 64
t 11 13 0 255 255 255 0 0
t 11 14 0 255 255 255 0 0
t 11 15 0 255 255 255 0 0
t 11 16 0 255 255 255 0 0
t 11 17 0 255 255 255 128 64
t 11 18 0 255 255 255 0 0
t 11 19 0 255 255 255 0 0
t 11 20 0 255 255 255 0 0
t 11 21 0 255 255 255 0 0
t 11 22 0 255 255 255 0 0
t 11 23 0 255 255 255 0 0
t 11 24 0 255 255 255 0 0
t 11 25 0 255 255 255 0 0
t 11 26 0 255 255 255 0 0
t 11 27 0 255 255 255 0 0
t 11 28 0 255 255 255 0 0
t 11 29 0 255 255 255 0 0
t 11 30 0 255 255 255 0 0
t 11 31 0 255 255 255 0 0
t 12 0 0 255 255 255 0 0
t 12 1 0 255 255 255 0 0
t 12 2 0 255 255 255 0 0
t 12 3 0 255 255 255 128 64
t 12 4 0 255 255 255 128 64
t 12 5 0 255 255 255 128 64
t 12 6 0 255 255 255 128 64
t 12 7 0 255 255 255 32 32
t 12 8 0 255 255 255 128 64
t 12 9 0 255 255 255 128 64
t 12 10 0 255 255 255 128 64
t 12 11 0 255 255 255 128 64
t 12 12 0 255 255 255 0 0
t 12 13 0 255 255 255 0 0
t 12 14 0 255 255 255 0 0
t 12 15 0 255 255 255 0 0
t 12 16 0 255 255 255 128 64
t 12 17 0 255 255 255 0 0
t 12 18 0 255 255 255 0 0
t 12 19 0 255 255 255 0 0
t 12 20 0 255 255 255 0 0
t 12 21 0 255 255 255 0 0
t 12 22 0 255 255 255 0 0
t 12 23 0 255 255 255 0 0
t 12 24 0 255 255 255 0 0
t 12 25 0 255 255 255 0 0
t 12 26 0 255 255 255 0 0
t 12 27 0 255 255 255 0 0
t 12 28 0 255 255 255 0 0
t 12 29 0 255 255 255 0 0
t 12 30 0 255 255 255 0 0
t 12 31 0 255 255 255 0 0
t 13 0 0 255 255 255 0 0
t 13 1 0 255 255 255 0 0
t 13 2 0 255 255 255 0 0
t 13 3 0 255 255 255 128 64
t 13 4 0 255 255 255 128 64
t 13 5 0 255 255 255 128 64
t 13 6 0 255 255 255 128 64
t 13 7 0 255 255 255 128 64
t 13 8 0 255 255 255 128 64
t 13 9 0 255 255 255 128 64
t 13 10 0 255 255 255 128 64
t 13 11 0 255 255 255 128 64
t 13 12 0 255 255 255 0 0
t 13 13 0 255 255 255 0 0
t 13 14 0 255 255 255 0 0
t 13 15 0 255 255 255 0 0
t 13 16 0 255 255 255 0 0
t 13 17 0 255 255 255 0 0
t 13 18 0 255 255 255 0 0
t 13 19 0 255 255 255 0 0
t 13 20 0 255 255 255 0 0
t 13 21 0 255 255 255 0 0
t 13 22 0 255 255 255 0 0
t 13 23 0 255 255 255 0 0
t 13 24 0 255 255 255 0 0
t 13 25 0 255 255 255 0 0
t 13 26 0 255 255 255 0 0
t 13 27 0 255 255 255 0 0
t 13 28 0 255 255 255 0 0
t 13 29 0 255 255 255 0 0
t 13 30 0 255 255 255 0 0
t 13 31 0 255 255 255 0 0
t 14 0 0 255 255 255 0 0
t 14 1 0 255 255 255 0 0
t 14 2 0 255 255 255 0 0
t 14 3 0 255 255 255 0 0
t 14 4 0 255 255 255 128 64
t 14 5 0 255 255 255 128 64
t 14 6 0 255 255 255 32 32
t 14 7 0 255 255 255 0 0
t 14 8 0 255 255 255 128 64
t 14 9 0 255 255 255 128 64
t 14 10 0 255 255 255 128 64
t 14 11 0 255 255 255 0 0
t 14 12 0 255 255 255 0 0
t 14 13 0 255 255 255 128 64
t 14 14 0 255 255 255 0 0
t 14 15 0 255 255 255 128 64
t 14 16 0 255 255 255 0 0
t 14 17 0 255 255 255 0 0
t 14 18 0 255 255 255 0 0
t 14 19 0 255 255 255 0 0
t 14 20 0 255 255 255 0 0
t 14 21 0 255 255 255 0 0
t 14 22 0 255 255 255 0 0
t 14 23 0 255 255 255 0 0
t 14 24 0 255 255 255 0 0
t 14 25 0 255 255 255 0 0
t 14 26 0 255 255 255 0 0
t 14 27 0 255 255 255 0 0
t 14 28 0 255 255 255 0 0
t 14 29 0 255 255 255 0 0
t 14 30 0 255 255 255 0 0
t 14 31 0 255 255 255 0 0
t 15 0 0 255 255 255 0 0
t 15 1 0 255 255 255 0 0
t 15 2 0 255 255 255 0 0
t 15 3 0 255 255 255 128 64
t 15 4 0 255 255 255 128 64
t 15 5 0 255 255 255 128 64
t 15 6 0 255 255 255 128 64
t 15 7 0 255 255 255 128 64
t 15 8 0 255 255 255 128 64
t 15 9 0 255 255 255 128 64
t 15 10 0 255 255 255 128 64
t 15 11 0 255 255 255 0 0
t 15 12 0 255 255 255 128 64
t 15 13 0 255 255 255 0 0
t 15 14 0 255 255 255 0 0
t 15 15 0 255 255 255 0 0
t 15 16 0 255 255 255 0 0
t 15 17 0 255 255 255 0 0
t 15 18 0 255 255 255 0 0
t 15 19 0 255 255 255 0 0
t 15 20 0 255 255 255 0 0
t 15 21 0 255 255 255 0 0
t 15 22 0 255 255 255 0 0
t 15 23 0 255 255 255 0 0
t 15 24 0 255 255 255 0 0
t 15 25 0 255 255 255 0 0
t 15 26 0 255 255 255 0 0
t 15 27 0 255 255 255 0 0
t 15 28 0 255 255 255 0 0
t 15 29 0 255 255 255 0 0
t 15 30 0 255 255 255 0 0
t 15 31 0 255 255 255 0 0
t 16 0 0 255 255 255 0 0
t 16 1 0 255 255 255 0 0
t 16 2 0 255 255 255 0 0
t 16 3 0 255 255 255 128 64
t 16 4 0 255 255 255 0 0
t 16 5 0 255 255 255 0 0
t 16 6 0 255 255 255 0 0
t 16 7 0 255 255 255 128 64
t 16 8 0 255 255 255 128 64
t 16 9 0 255 255 255 0 0
t 16 10 0 255 255 255 0 0
t 16 11 0 255 255 255 0 0
t 16 12 0 255 255 255 0 0
t 16 13 0 255 255 255 0 0
t 16 14 0 255 255 255 0 0
t 16 15 0 255 255 255 0 0
t 16 16 0 255 255 255 0 0
t 16 17 0 255 255 255 0 0
t 16 18 0 255 255 255 0 0
t 16 19 0 255 255 255 0 0
t 16 20 0 255 255 255 0 0
t 16 21 0 255 255 255 0 0
t 16 22 0 255 255 255 0 0
t 16 23 0 255 255 255 0 0
t 16 24 0 255 255 255 0 0
t 16 25 0 255 255 255 0 0
t 16 26 0 255 255 255 0 0
t 16 27 0 255 255 255 0 0
t 16 28 0 255 255 255 0 0
t 16 29 0 255 255 255 0 0
t 16 30 0 255 255 255 0 0
t 16 31 0 255 255 255 0 0
t 17 0 0 255 255 255 0 0
t 17 1 0 255 255 255 0 0
t 17 2 0 255 255 255 0 0
t 17 3 0 255 255 255 128 64
t 17 4 0 255 255 255 0 0
t 17 5 0 255 255 255 0 0
t 17 6 0 255 255 255 0 0
t 17 7 0 255 255 255 0 0
t 17 8 0 255 255 255 0 0
t 17 9 0 255 255 255 0 0
t 17 10 0 255 255 255 0 0
t 17 11 0 255 255 255 0 0
t 17 12 0 255 255 255 0 0
t 17 13 0 255 255 255 0 0
t 17 14 0 255 255 255 0 0
t 17 15 0 255 255 255 0 0
t 17 16 0 255 255 255 0 0
t 17 17 0 255 255 255 0 0
t 17 18 0 255 255 255 0 0
t 17 19 0 255 255 255 0 0
t 17 20 0 255 255 255 0 0
t 17 21 0 255 255 255 0 0
t 17 22 0 255 255 255 0 0
t 17 23 0 255 255 255 0 0
t 17 24 0 255 255 255 0 0
t 17 25 0 255 255 255 0 0
t 17 26 0 255 255 255 0 0
t 17 27 0 255 255 255 0 0
t 17 28 0 255 255 255 0 0
t 17 29 0 255 255 255 0 0
t 17 30 0 255 255 255 0 0
t 17 31 0 255 255 255 0 0
t 18 0 0 255 255 255 0 0
t 18 1 0 255 255 255 0 0
t 18 2 0 255 255 255 0 0
t 18 3 0 255 255 255 128 64
t 18 4 0 255 255 255 0 0
t 18 5 0 255 255 255 128 64
t 18 6 0 255 255 255 128 64
t 18 7 0 255 255 255 128 64
t 18 8 0 255 255 255 0 0
t 18 9 0 255 255 255 0 0
t 18 10 0 255 255 255 0 0
t 18 11 0 255 255 255 0 0
t 18 12 0 255 255 255 0 0
t 18 13 0 255 255 255 0 0
t 18 14 0 255 255 255 0 0
t 18 15 0 255 255 255 0 0
t 18 16 0 255 255 255 0 0
t 18 17 0 255 255 255 0 0
t 18 18 0 255 255 255 0 0
t 18 19 0 255 255 255 0 0
t 18 20 0 255 255 255 0 0
t 18 21 0 255 255 255 0 0
t 18 22 0 255 255 255 0 0
t 18 23 0 255 255 255 0 0
t 18 24 0 255 255 255 0 0
t 18 25 0 255 255 255 0 0
t 18 26 0 255 255 255 0 0
t 18 27 0 255 255 255 0 0
t 18 28 0 255 255 255 0 0
t 18 29 0 255 255 255 0 0
t 18 30 0 255 255 255 0 0
t 18 31 0 255 255 255 0 0
t 19 0 0 255 255 255 0 0
t 19 1 0 255 255 255 0 0
t 19 2 0 255 255 255 0 0
t 19 3 0 255 255 255 128 64
t 19 4 0 255 255 255 128 64
t 19 5 0 255 255 255 0 0
t 19 6 0 255 255 255 128 64
t 19 7 0 255 255 255 0 0
t 19 8 0 255 255 255 0 0
t 19 9 0 255 255 255 0 0
t 19 10 0 255 255 255 0 0
t 19 11 0 255 255 255 0 0
t 19 12 0 255 255 255 0 0
t 19 13 0 255 255 255 0 0
t 19 14 0 255 255 255 0 0
t 19 15 0 255 255 255 0 0
t 19 16 0 255 255 255 0 0
t 19 17 0 255 255 255 0 0
t 19 18 0 255 255 255 0 0
t 19 19 0 255 255 255 0 0
t 19 20 0 255 255 255 0 0
t 19 21 0 255 255 255 0 0
t 19 22 0 255 255 255 0 0
t 19 23 0 255 255 255 0 0
t 19 24 0 255 255 255 0 0
t 19 25 0 255 255 255 0 0
t 19 26 0 255 255 255 0 0
t 19 27 0 255 255 255 0 0
t 19 28 0 255 255 255 0 0
t 19 29 0 255 255 255 0 0
t 19 30 0 255 255 255 0 0
t 19 31 0 255 255 255 0 0
t 20 0 0 255 255 255 0 0
t 20 1 0 255 255 255 0 0
t 20 2 0 255 255 255 0 0
t 20 3 0 255 255 255 128 64
t 20 4 0 255 255 255 0 0
t 20 5 0 255 255 255 128 64
t 20 6 0 255 255 255 0 0
t 20 7 0 255 255 255 0 0
t 20 8 0 255 255 255 0 0
t 20 9 0 255 255 255 0 0
t 20 10 0 255 255 255 0 0
t 20 11 0 255 255 255 0 0
t 20 12 0 255 255 255 0 0
t 20 13 0 255 255 255 0 0
t 20 14 0 255 255 255 0 0
t 20 15 0 255 255 255 0 0
t 20 16 0 255 255 255 0 0
t 20 17 0 255 255 255 0 0
t 20 18 0 255 255 255 0 0
t 20 19 0 255 255 255 0 0
t 20 20 0 255 255 255 0 0
t 20 21 0 255 255 255 0 0
t 20 22 0 255 255 255 0 0
t 20 23 0 255 255 255 0 0
t 20 24 0 255 255 255 0 0
t 20 25 0 255 255 255 0 0
t 20 26 0 255 255 255 0 0
t 20 27 0 255 255 255 0 0
t 20 28 0 255 255 255 0 0
t 20 29 0 255 255 255 0 0
t 20 30 0 255 255 255 0 0
t 20 31 0 255 255 255 0 0
t 21 0 0 255 255 255 0 0
t 21 1 0 255 255 255 0 0
t 21 2 0 255 255 255 0 0
t 21 3 0 255 255 255 128 64
t 21 4 0 255 255 255 128 64
t 21 5 0 255 255 255 0 0
t 21 6 0 255 255 255 0 0
t 21 7 0 255 255 255 0 0
t 21 8 0 255 255 255 0 0
t 21 9 0 255 255 255 0 0
t 21 10 0 255 255 255 0 0
t 21 11 0 255 255 255 0 0
t 21 12 0 255 255 255 0 0
t 21 13 0 255 255 255 0 0
t 21 14 0 255 255 255 0 0
t 21 15 0 255 255 255 0 0
t 21 16 0 255 255 255 0 0
t 21 17 0 255 255 255 0 0
t 21 18 0 255 255 255 0 0
t 21 19 0 255 255 255 0 0
t 21 20 0 255 255 255 0 0
t 21 21 0 255 255 255 0 0
t 21 22 0 255 255 255 0 0
t 21 23 0 255 255 255 0 0
t 21 24 0 255 255 255 0 0
t 21 25 0 255 255 255 0 0
t 21 26 0 255 255 255 0 0
t 21 27 0 255 255 255 0 0
t 21 28 0 255 255 255 0 0
t 21 29 0 255 255 255 0 0
t 21 30 0 255 255 255 0 0
t 21 31 0 255 255 255 0 0
t 22 0 0 255 255 255 0 0
t 22 1 0 255 255 255 0 0
t 22 2 0 255 255 255 0 0
t 22 3 0 255 255 255 0 0
t 22 4 0 255 255 255 0 0
t 22 5 0 255 255 255 0 0
t 22 6 0 255 255 255 0 0
t 22 7 0 255 255 255 0 0
t 22 8 0 255 255 255 0 0
t 22 9 0 255 255 255 0 0
t 22 10 0 255 255 255 0 0
t 22 11 0 255 255 255 0 0
t 22 12 0 255 255 255 0 0
t 22 13 0 255 255 255 0 0
t 22 14 0 255 255 255 0 0
t 22 15 0 255 255 255 0 0
t 22 16 0 255 255 255 0 0
t 22 17 0 255 255 255 0 0
t 22 18 0 255 255 255 0 0
t 22 19 0 255 255 255 0 0
t 22 20 0 255 255 255 0 0
t 22 21 0 255 255 255 0 0
t 22 22 0 255 255 255 0 0
t 22 23 0 255 255 255 0 0
t 22 24 0 255 255 255 0 0
t 22 25 0 255 255 255 0 0
t 22 26 0 255 255 255 0 0
t 22 27 0 255 255 255 0 0
t 22 28 0 255 255 255 0 0
t 22 29 0 255 255 255 0 0
t 22 30 0 255 255 255 0 0
t 22 31 0 255 255 255 0 0
t 23 0 0 255 255 255 0 0
t 23 1 0 255 255 255 0 0
t 23 2 0 255 255 255 0 0
t 23 3 0 255 255 255 0 0
t 23 4 0 255 255 255 0 0
t 23 5 0 255 255 255 0 0
t 23 6 0 255 255 255 0 0
t 23 7 0 255 255 255 0 0
t 23 8 0 255 255 255 0 0
t 23 9 0 255 255 255 0 0
t 23 10 0 255 255 255 0 0
t 23 11 0 255 255 255 0 0
t 23 12 0 255 255 255 0 0
t 23 13 0 255 255 255 0 0
t 23 14 0 255 255 255 0 0
t 23 15 0 255 255 255 0 0
t 23 16 0 255 255 255 0 0
t 23 17 0 255 255 255 0 0
t 23 18 0 255 255 255 0 0
t 23 19 0 255 255 255 0 0
t 23 20 0 255 255 255 0 0
t 23 21 0 255 255 255 0 0
t 23 22 0 255 255 255 0 0
t 23 23 0 255 255 255 0 0
t 23 24 0 255 255 255 0 0
t 23 25 0 255 255 255 0 0
t 23 26 0 255 255 255 0 0
t 23 27 0 255 255 255 0 0
t 23 28 0 255 255 255 0 0
t 23 29 0 255 255 255 0 0
t 23 30 0 255 255 255 0 0
t 23 31 0 255 255 255 0 0
t 24 0 0 255 255 255 0 0
t 24 1 0 255 255 255 0 0
t 24 2 0 255 255 255 0 0
t 24 3 0 255 255 255 0 0
t 24 4 0 255 255 255 0 0
t 24 5 0 255 255 255 0 0
t 24 6 0 255 255 255 0 0
t 24 7 0 255 255 255 0 0
t 24 8 0 255 255 255 0 0
t 24 9 0 255 255 255 0 0
t 24 10 0 255 255 255 0 0
t 24 11 0 255 255 255 0 0
t 24 12 0 255 255 255 0 0
t 24 13 0 255 255 255 0 0
t 24 14 0 255 255 255 0 0
t 24 15 0 255 255 255 0 0
t 24 16 0 255 255 255 0 0
t 24 17 0 255 255 255 0 0
t 24 18 0 255 255 255 0 0
t 24 19 0 255 255 255 0 0
t 24 20 0 255 255 255 0 0
t 24 21 0 255 255 255 0 0
t 24 22 0 255 255 255 0 0
t 24 23 0 255 255 255 0 0
t 24 24 0 255 255 255 0 0
t 24 25 0 255 255 255 0 0
t 24 26 0 255 255 255 0 0
t 24 27 0 255 255 255 0 0
t 24 28 0 255 255 255 0 0
t 24 29 0 255 255 255 0 0
t 24 30 0 255 255 255 0 0
t 24 31 0 255 255 255 0 0
t 25 0 0 255 255 255 0 0
t 25 1 0 255 255 255 0 0
t 25 2 0 255 255 255 0 0
t 25 3 0 255 255 255 0 0
t 25 4 0 255 255 255 0 0
t 25 5 0 255 255 255 0 0
t 25 6 0 255 255 255 0 0
t 25 7 0 255 255 255 0 0
t 25 8 0 255 255 255 0 0
t 25 9 0 255 255 255 0 0
t 25 10 0 255 255 255 0 0
t 25 11 0 255 255 255 0 0
t 25 12 0 255 255 255 0 0
t 25 13 0 255 255 255 0 0
t 25 14 0 255 255 255 0 0
t 25 15 0 255 255 255 0 0
t 25 16 0 255 255 255 0 0
t 25 17 0 255 255 255 0 0
t 25 18 0 255 255 255 0 0
t 25 19 0 255 255 255 0 0
t 25 20 0 255 255 255 0 0
t 25 21 0 255 255 255 0 0
t 25 22 0 255 255 255 0 0
t 25 23 0 255 255 255 0 0
t 25 24 0 255 255 255 0 0
t 25 25 0 255 255 255 0 0
t 25 26 0 255 255 255 0 0
t 25 27 0 255 255 255 0 0
t 25 28 0 255 255 255 0 0
t 25 29 0 255 255 255 0 0
t 25 30 0 255 255 255 0 0
t 25 31 0 255 255 255 0 0
t 26 0 0 255 255 255 0 0
t 26 1 0 255 255 255 0 0
t 26 2 0 255 255 255 0 0
t 26 3 0 255 255 255 0 0
t 26 4 0 255 255 255 0 0
t 26 5 0 255 255 255 0 0
t 26 6 0 255 255 255 0 0
t 26 7 0 255 255 255 0 0
t 26 8 0 255 255 255 0 0
t 26 9 0 255 255 255 0 0
t 26 10 0 255 255 255 0 0
t 26 11 0 255 255 255 0 0
t 26 12 0 255 255 255 0 0
t 26 13 0 255 255 255 0 0
t 26 14 0 255 255 255 0 0
t 26 15 0 255 255 255 0 0
t 26 16 0 255 255 255 0 0
t 26 17 0 255 255 255 0 0
t 26 18 0 255 255 255 0 0
t 26 19 0 255 255 255 0 0
t 26 20 0 255 255 255 0 0
t 26 21 0 255 255 255 0 0
t 26 22 0 255 255 255 0 0
t 26 23 0 255 255 255 0 0
t 26 24 0 255 255 255 0 0
t 26 25 0 255 255 255 0 0
t 26 26 0 255 255 255 0 0
t 26 27 0 255 255 255 0 0
t 26 28 0 255 255 255 0 0
t 26 29 0 255 255 255 0 0
t 26 30 0 255 255 255 0 0
t 26 31 0 255 255 255 0 0
t 27 0 0 255 255 255 0 0
t 27 1 0 255 255 255 0 0
t 27 2 0 255 255 255 0 0
t 27 3 0 255 255 255 0 0
t 27 4 0 255 255 255 0 0
t 27 5 0 255 255 255 0 0
t 27 6 0 255 255 255 0 0
t 27 7 0 255 255 255 0 0
t 27 8 0 255 255 255 0 0
t 27 9 0 255 255 255 0 0
t 27 10 0 255 255 255 0 0
t 27 11 0 255 255 255 0 0
t 27 12 0 255 255 255 0 0
t 27 13 0 255 255 255 0 0
t 27 14 0 255 255 255 0 0
t 27 15 0 255 255 255 0 0
t 27 16 0 255 255 255 0 0
t 27 17 0 255 255 255 0 0
t 27 18 0 255 255 255 0 0
t 27 19 0 255 255 255 0 0
t 27 20 0 255 255 255 0 0
t 27 21 0 255 255 255 0 0
t 27 22 0 255 255 255 0 0
t 27 23 0 255 255 255 0 0
t 27 24 0 255 255 255 0 0
t 27 25 0 255 255 255 0 0
t 27 26 0 255 255 255 0 0
t 27 27 0 255 255 255 0 0
t 27 28 0 255 255 255 0 0
t 27 29 0 255 255 255 0 0
t 27 30 0 255 255 255 0 0
t 27 31 0 255 255 255 0 0
t 28 0 0 255 255 255 0 0
t 28 1 0 255 255 255 0 0
t 28 2 0 255 255 255 0 0
t 28 3 0 255 255 255 0 0
t 28 4 0 255 255 255 0 0
t 28 5 0 255 255 255 0 0
t 28 6 0 255 255 255 0 0
t 28 7 0 255 255 255 0 0
t 28 8 0 255 255 255 0 0
t 28 9 0 255 255 255 0 0
t 28 10 0 255 255 255 0 0
t 28 11 0 255 255 255 0 0
t 28 12 0 255 255 255 0 0
t 28 13 0 255 255 255 0 0
t 28 14 0 255 255 255 0 0
t 28 15 0 255 255 255 0 0
t 28 16 0 255 255 255 0 0
t 28 17 0 255 255 255 0 0
t 28 18 0 255 255 255 0 0
t 28 19 0 255 255 255 0 0
t 28 20 0 255 255 255 0 0
t 28 21 0 255 255 255 0 0
t 28 22 0 255 255 255 0 0
t 28 23 0 255 255 255 0 0
t 28 24 0 255 255 255 0 0
t 28 25 0 255 255 255 0 0
t 28 26 0 255 255 255 0 0
t 28 27 0 255 255 255 0 0
t 28 28 0 255 255 255 0 0
t 28 29 0 255 255 255 0 0
t 28 30 0 255 255 255 0 0
t 28 31 0 255 255 255 0 0
t 29 0 0 255 255 255 0 0
t 29 1 0 255 255 255 0 0
t 29 2 0 255 255 255 0 0
t 29 3 0 255 255 255 0 0
t 29 4 0 255 255 255 0 0
t 29 5 0 255 255 255 0 0
t 29 6 0 255 255 255 0 0
t 29 7 0 255 255 255 0 0
t 29 8 0 255 255 255 0 0
t 29 9 0 255 255 255 0 0
t 29 10 0 255 255 255 0 0
t 29 11 0 255 255 255 0 0
t 29 12 0 255 255 255 0 0
t 29 13 0 255 255 255 0 0
t 29 14 0 255 255 255 0 0
t 29 15 0 255 255 255 0 0
t 29 16 0 255 255 255 0 0
t 29 17 0 255 255 255 0 0
t 29 18 0 255 255 255 0 0
t 29 19 0 255 255 255 0 0
t 29 20 0 255 255 255 0 0
t 29 21 0 255 255 255 0 0
t 29 22 0 255 255 255 0 0
t 29 23 0 255 255 255 0 0
t 29 24 0 255 255 255 0 0
t 29 25 0 255 255 255 0 0
t 29 26 0 255 255 255 0 0
t 29 27 0 255 255 255 0 0
t 29 28 0 255 255 255 0 0
t 29 29 0 255 255 255 0 0
t 29 30 0 255 255 255 0 0
t 29 31 0 255 255 255 0 0
t 30 0 0 255 255 255 0 0
t 30 1 0 255 255 255 0 0
t 30 2 0 255 255 255 0 0
t 30 3 0 255 255 255 0 0
t 30 4 0 255 255 255 0 0
t 30 5 0 255 255 255 0 0
t 30 6 0 255 255 255 0 0
t 30 7 0 255 255 255 0 0
t 30 8 0 255 255 255 0 0
t 30 9 0 255 255 255 0 0
t 30 10 0 255 255 255 0 0
t 30 11 0 255 255 255 0 0
t 30 12 0 255 255 255 0 0
t 30 13 0 255 255 255 0 0
t 30 14 0 255 255 255 0 0
t 30 15 0 255 255 255 0 0
t 30 16 0 255 255 255 0 0
t 30 17 0 255 255 255 0 0
t 30 18 0 255 255 255 0 0
t 30 19 0 255 255 255 0 0
t 30 20 0 255 255 255 0 0
t 30 21 0 255 255 255 0 0
t 30 22 0 255 255 255 0 0
t 30 23 0 255 255 255 0 0
t 30 24 0 255 255 255 0 0
t 30 25 0 255 255 255 0 0
t 30 26 0 255 255 255 0 0
t 30 27 0 255 255 255 0 0
t 30 28 0 255 255 255 0 0
t 30 29 0 255 255 255 0 0
t 30 30 0 255 255 255 0 0
t 30 31 0 255 255 255 0 0
t 31 0 0 255 255 255 0 0
t 31 1 0 255 255 255 0 0
t 31 2 0 255 255 255 0 0
t 31 3 0 255 255 255 0 0
t 31 4 0 255 255 255 0 0
t 31 5 0 255 255 255 0 0
t 31 6 0 255 255 255 0 0
t 31 7 0 255 255 255 0 0
t 31 8 0 255 255 255 0 0
t 31 9 0 255 255 255 0 0
t 31 10 0 255 255 255 0 0
t 31 11 0 255 255 255 0 0
t 31 12 0 255 255 255 0 0
t 31 13 0 255 255 255 0 0
t 31 14 0 255 255 255 0 0
t 31 15 0 255 255 255 0 0
t 31 16 0 255 255 255 0 0
t 31 17 0 255 255 255 0 0
t 31 18 0 255 255 255 0 0
t 31 19 0 255 255 255 0 0
t 31 20 0 255 255 255 0 0
t 31 21 0 255 255 255 0 0
t 31 22 0 255 255 255 0 0
t 31 23 0 255 255 255 0 0
t 31 24 0 255 255 255 0 0
t 31 25 0 255 255 255 0 0
t 31 26 0 255 255 255 0 0
t 31 27 0 255 255 255 0 0
t 31 28 0 255 255 255 0 0
t 31 29 0 255 255 255 0 0
t 31 30 0 255 255 255 0 0
t 31 31 0 255 255 255 0 0
